1 11 -0.00273521814101 -1.83475990643e-05 9.54417454664e-06 -0.00315499092462 -0.000854186242844 -0.000691545024562 0.999994419066
11 21 0.000101821922072 -0.000518838659311 -0.00107402979288 0.00171578132838 -0.000638073349063 -0.00175537155791 0.999996783809
21 31 -0.00440601134394 0.000179997994086 0.000544094849518 3.07303852936e-05 0.000189097641355 -0.00216533404112 0.99999763731
31 41 -0.0128766020896 0.00047912174054 0.000194808819899 -0.00480159641864 0.006257208694 0.00244154132364 0.999965914863
41 51 -0.00405845674752 0.0101000944979 0.0352496647701 -0.00398531652181 0.00627297731936 -0.0103195374375 0.999919133808
51 61 0.00848894224457 0.000987816557451 0.0853857212485 0.000424789188895 -0.00751503603671 -0.0151738450112 0.999856538817
61 71 0.0464384532296 -0.00749578965209 0.0938669075348 0.00380347536912 -0.0250471337828 -0.0276333332404 0.999297039703
71 81 0.0404244149277 0.00181948737537 0.0841531060142 -0.00013982686394 -0.0342072816857 -0.0290814943724 0.998991546017
81 91 0.0280101503341 -0.0054964667288 0.0934725323415 -0.00378037242944 -0.0375607146902 -0.0303995884948 0.998824692584
91 101 0.0311707565702 -0.00621939994088 0.106810313418 0.00661585295539 -0.0391447199311 -0.0292317476839 0.998783973799
101 111 0.0388464060507 -0.0132495674225 0.0855704145938 0.0262848400909 -0.0438730318423 -0.0181436244954 0.998526450901
111 121 0.0354547018268 -0.00454862067765 0.0849071400093 0.0235431849213 -0.0601153226777 -0.0146114833779 0.997806780382
121 131 0.0607938050986 0.00292743092929 0.0851251606946 0.0144479301885 -0.063268761547 -0.0173900995775 0.997740399885
131 141 0.0578536855012 0.0139987435949 0.0673376148236 0.00841028712757 -0.0829524187954 -0.011419230777 0.996452590169
141 151 0.0247746966371 0.00650258013979 0.0654855074937 0.0120459076405 -0.0772389668115 -0.00207256871146 0.996937682392
151 161 0.0315225061095 0.00664245321387 0.0915848352736 0.0111924380043 -0.0734167525076 -0.00941499049041 0.997194097323
161 171 0.0308257794799 -0.00326304107564 0.0704145728804 0.0027774714712 -0.067511458118 -0.00631152961888 0.99769466936
171 181 0.0129713124091 0.0139944485403 0.0388232346583 0.00604579298149 -0.0762343898879 0.0132794409479 0.996983160657
181 191 0.0245950195526 0.0137730681058 0.0275810879017 0.0118750393664 -0.0961228196686 -0.00954212072022 0.995252899976
191 201 -0.0291995796305 -0.00965637913999 -0.00045973441008 0.00490304462756 -0.0736659418931 -0.00521436492001 0.997257288545
201 211 -0.000829087383979 -0.00193237579153 -0.00620742226049 0.014947955789 -0.0604483286194 0.00408457639209 0.998051037984
211 221 -0.00449863194435 0.00273869561311 0.0188589980844 0.0203720653177 -0.0497635378647 0.00337910922923 0.998547520589
221 231 -0.0233815837339 -0.00303912660496 0.0264922539212 0.0268704681367 -0.0350055214965 0.00202903019566 0.9990237607
231 241 -0.0462460066257 -0.00920406602925 0.0313806839211 0.0387069790593 -0.00644620751589 -0.0112802180861 0.999166138768
241 251 -0.0254035893522 -0.0417716775283 0.0463353438327 0.0349232483325 -0.0124206766837 0.00560296924656 0.999297103094
251 261 -0.0252700294437 -0.0192498360799 0.0603370513019 0.0388328488688 -0.0266598573768 -0.00199635681414 0.998888019957
261 271 -0.0290044137684 -0.0152987489949 0.0562475912119 0.0235295765109 -0.031613169184 -0.00391673637176 0.999215505154
271 281 -0.0327530321439 0.0134939224979 0.0525831109102 0.0176676592021 -0.0300375657531 0.00146247289142 0.999391544709
281 291 -0.00345328324645 0.0163493340366 0.0691742926627 -0.000235333147925 -0.0497615612569 0.00962675548363 0.998714702615
291 301 0.0497479350651 0.0392589726813 0.0653330519168 -0.00124441472789 -0.0515928952162 0.00808074199644 0.998634731122
301 311 0.0514395702611 0.0139773623482 0.0813684252837 -0.00394101292125 -0.0510508763953 -0.00465297392799 0.998677438551
311 321 0.0436353935581 0.0215054375728 0.0674647007295 -0.00986224488211 -0.0446195753978 0.0031654444105 0.998950353911
321 331 0.0288283710058 0.0151191128017 0.0697878758964 -0.0128800865046 -0.0248355237579 0.0044046408452 0.999598869182
331 341 0.0100951073761 -0.000844698368148 0.0936892384355 -0.0134685358558 -0.0100384271022 -0.00281654459356 0.999854937278
341 351 -0.00426254386501 0.00610665208898 0.0992343025119 -0.00747139749442 -0.00481024175416 0.00212510735852 0.999958260985
351 361 -0.0138253462542 -0.00383445571681 0.0857177204033 -0.00466792185405 -0.0174132734222 0.00748148879205 0.999809489723
361 371 -0.0133371813029 -0.00367496109089 0.0828499900374 -0.00110544701199 -0.0424351581988 -0.00484344671318 0.999086871278
371 381 -0.00429556756331 0.00471041895374 0.08683086668 0.0127834268081 -0.0425575713477 0.00470540700763 0.999001149281
381 391 0.0298144782448 -0.0199740770114 0.0856962561653 0.00818741490995 -0.0334168900434 0.00415072294192 0.999399344204
391 401 0.0381405505746 -0.0231310193576 0.0783478028939 0.0132805793727 -0.0196282978647 0.00172098674738 0.999717657311
401 411 -0.00509485811515 -0.027411581714 0.0707286818988 0.0178612312934 -0.0140686384334 0.00189249093052 0.999739700276
411 421 0.00665047616694 -0.0122388911744 0.0826824236414 0.0164115953489 -0.0152116547878 0.00495231051826 0.999737335362
421 431 -0.00541937897096 -0.0101961901119 0.0976260726794 0.00938961159196 0.0107419974762 -0.00780420502639 0.999867760791
431 441 -0.00832779171509 -0.0045046056751 0.0991871931707 0.0181010007351 0.00640695823903 -0.00744344761753 0.999787927386
441 451 0.000943010769174 0.00184519258997 0.0881961882694 0.00449785328322 0.00374486726743 0.00543553936597 0.99996809959
451 461 -0.00519062203537 0.0334245864526 0.082189681783 0.0299531418133 0.0101549423861 6.78889065277e-05 0.999499715774
461 471 0.0307767646554 -0.00832746689142 0.0996880502456 0.0185962293143 0.00678326593626 -0.00630258759594 0.999784199189
471 481 0.0336827367692 -0.0044385903317 0.0959456591911 0.0245623437287 0.00301892222641 -0.00733972319647 0.999666797409
481 491 0.00766845036661 0.00378263517754 0.0681490984904 0.012207231971 -0.0203849282774 0.0048085655195 0.999706114758
491 501 0.000607534336047 0.0224539266373 0.0701389367975 0.00964692928067 -0.0344980830183 0.0107329389985 0.999300566919
501 511 -0.0859208805124 -0.00444115757062 0.0130999938251 0.000916149713616 0.0702667374513 0.0436171691773 0.996573774906
511 521 0.0362056574587 -0.0248286999162 0.0890997826726 0.00206809856159 -0.0305149508652 0.0073668200369 0.999505022851
521 531 0.0282156296758 -0.0132934987205 0.063361323337 -0.0248813923758 -0.0411805231493 0.0203234684237 0.998635087235
531 541 0.0 0.0 0.0 0.0 0.0 0.0 1.0
541 551 0.0335711849717 -0.0291038671435 -0.0355374101877 -0.113046935423 -0.13123673768 -0.441389425779 0.880438915476
551 561 0.0 0.0 0.0 0.0 0.0 0.0 1.0
561 571 0.0 0.0 0.0 0.0 0.0 0.0 1.0
571 581 -0.00292047462131 -0.0231132971498 0.0324118029659 -0.0433347771486 -0.0547245521763 -0.00159011768587 0.997559417781
581 591 0.00608520622056 -0.00325826501146 0.0218532918257 -0.0222726791677 -0.0439574742243 -0.00908543591008 0.998743772485
591 601 -0.00125269539355 -0.0228946818204 -0.00404846138741 -0.0206360528053 -0.0315616567035 0.00467908139733 0.999277799888
601 611 0.0139284389826 -0.000323298289632 -0.0119913457299 -0.016801746559 -0.0343723359796 0.00493005355907 0.999255692205
611 621 0.00212765175224 -0.0111829033569 -0.0183461072476 -0.0118659635331 -0.0451820767256 0.00507411003825 0.998895406066
621 631 -0.0139445863955 0.0163611395027 0.0384046917112 -0.000690037379897 -0.0374009763797 -0.00565354687656 0.99928410786
631 641 -0.0504792170336 0.00374851745459 0.0497214650786 0.00642315081122 -0.034825332891 -0.00429372655377 0.999363549083
641 651 -0.0521293068291 -0.00750672214899 0.0656506504119 -0.0024516970748 -0.0208723273002 -0.00150154417119 0.999778015611
651 661 -0.0731852805146 -0.00273385984344 0.0647705310721 -0.00320123763892 -1.10268922165e-05 4.27266193375e-05 0.999994875052
661 671 -0.0501104781712 0.0206315972602 0.0596463906533 -0.0166937631651 0.006235640353 -0.00862121787677 0.999804035631
671 681 0.0125155764662 0.0306813533662 0.0837896293961 -0.00411483002893 -0.0203662344048 0.00442383058611 0.999774331733
681 691 0.00314471037298 -0.0124330282594 0.112713803241 -0.0111525776469 -8.39473558482e-06 0.00250256518684 0.999934676421
691 701 0.0264057878514 0.0157749089154 0.120780562702 -0.00870421888743 0.00846262999514 -0.00163112986728 0.999924977127
701 711 0.00384723904665 -0.00659627873646 0.083426914633 -0.0156502553532 0.0120906498875 0.0062637669278 0.999784802303
711 721 -0.0483203193939 -0.0123114910973 0.0775663879641 -0.00450343453921 0.0373537906055 0.000821270279599 0.999291618558
721 731 -0.0963431756379 -0.0130225758935 0.0687693882912 -0.00501975499534 0.045851039297 0.0125805508621 0.998856453148
731 741 -0.0908962261974 -0.011249368782 0.0369232930557 -0.0117702431326 0.0566910688517 0.0073951221008 0.998294994607
741 751 -0.0692389089508 -0.0199603783697 0.0216545110228 -0.00706425098366 0.0273846782228 -0.00481612573859 0.99958840564
751 761 -0.0433251291331 0.0133499388797 0.0474702211761 -0.00958653273798 0.0393454024016 0.0167292019304 0.999039624591
761 771 -0.0460221685198 -0.00177206106643 0.0541800230465 -0.0113432700628 0.0392636294027 0.028561881456 0.998756184741
771 781 -0.000825547406718 0.00977901612583 0.0497740688018 0.0208190273352 -0.0224180867433 -0.0125653460888 0.999452905126
781 791 -0.0120790137139 0.00520253845401 0.0294007296735 0.0319150849635 -0.0130187837358 -0.00663909510724 0.999383740631
791 801 0.000176197263627 0.00247158011423 -0.0294388051263 0.0461672872455 -0.0305723452029 -0.0109461826847 0.998405776416
801 811 -0.0174999166293 0.00157377528545 0.0248167885778 0.0100780677362 -0.0470417451158 -0.00665524993065 0.998819910903
811 821 0.0212730310519 0.00276486513018 -0.0258277228705 -0.0210431659315 -0.0536112169128 0.000387307598137 0.998340058588
821 831 0.00264126444868 -0.0065858902607 -0.0284819890384 -0.034695697049 -0.0388545010692 -0.00724076945835 0.99861609621
831 841 0.00101961112398 0.0120358464035 -0.037361998334 -0.0146319206722 -0.0373291455045 -0.0135308128786 0.999104278289
841 851 -0.00211881245171 0.0169158850656 -0.036195341734 -0.00577372220311 -0.0552001027553 -0.0114681305713 0.998392755767
851 861 0.000535899183068 0.0137029117725 -0.0543871376064 -0.0106808694483 -0.0580754120825 -0.0158993142188 0.9981284373
861 871 -0.028780080476 0.0207494383441 -0.091267314227 0.0114958324797 -0.0346354301497 -0.00432002589672 0.999324556983
871 881 0.0471773057139 0.0274187114623 -0.106486883814 0.0257709243499 -0.0411239352783 -0.0100102266035 0.998771483758
881 891 -0.0402584578351 0.0112648640857 -0.0964625188615 0.00539863617171 -0.0461483045079 -0.00490908203585 0.998907948528
891 901 -0.0124846187532 -0.0053380665093 -0.0781845826271 0.00671784785588 -0.0718813253973 -0.000121692002131 0.997390560799
901 911 0.0191536050742 0.0115973070608 -0.0750174764232 0.00278052270908 -0.0566016780623 -0.0100779295837 0.998342102723
911 921 -0.00350303888254 0.0107297408281 -0.067381023845 0.00633123599055 -0.0353284998262 -0.003103034167 0.999350881187
921 931 -0.0180027023464 0.00854627112228 -0.0300298078088 0.018929579657 -0.016511103232 -0.00143282584589 0.999683450645
931 941 0.00345848603348 -0.000463323274008 -0.0130689049882 0.0181277535756 0.00177328364953 -0.00191035171845 0.999832281221
941 951 -0.00363950169757 -0.000255940276932 0.0102068775646 0.0176428640936 0.00766621079129 -0.00170440195977 0.999813509397
951 961 0.00100180659946 -0.000211956187047 0.00951519389619 0.00767017934177 0.00581923715429 0.00629319066182 0.999933848102
