1 11 -0.000282764 0.00261807 -0.00074 -0.00280980112073 0.000956070381341 -0.000627059250111 0.999995398861
11 21 0.000268553680997 0.00114986059682 0.000196979142309 0.0019240652516 -0.000693553685124 -0.00140625938692 0.999996919691
21 31 -0.00439454078598 -0.000654735549408 2.65911024102e-05 -9.65958273934e-05 -0.000115551483711 -0.00225982848283 0.999997435243
31 41 -0.0113310961538 0.00441418530517 0.00426563213809 -0.0042614237477 0.00539494979662 0.00200624696527 0.99997435455
41 51 -0.0033813428525 0.0081470078099 0.0358219852982 -0.00451604960181 0.00587633352912 -0.0100953192643 0.999921576189
51 61 0.0266350607585 -0.000885951970662 0.0815692830825 0.000383450987816 -0.0108714356461 -0.0157220304232 0.999817224602
61 71 0.0468767134378 -0.00457280177511 0.0938369668746 0.00402882680031 -0.0252828707906 -0.0272067322215 0.999301925707
71 81 0.0424265499578 0.0024421236848 0.0831457334983 -6.04938627779e-05 -0.0348892060931 -0.0291105651543 0.998967123901
81 91 0.0360276845211 0.000678343794426 0.090848443951 -0.00234616525571 -0.0393704568933 -0.0314138133495 0.998728008501
91 101 0.0449279516576 -0.0138022972103 0.101043138336 0.00531062715055 -0.0420530379395 -0.0285376483246 0.998693617616
101 111 0.0418036151721 -0.0145381384744 0.0839523105217 0.0259098610357 -0.044781382107 -0.0185492101531 0.998488474506
111 121 0.038004389866 -0.00199064963409 0.0838966740771 0.0239319748071 -0.0608922994852 -0.0141849058003 0.997756571962
121 131 0.0595918247696 0.00504274103686 0.0858727823991 0.0147038811374 -0.0628516671965 -0.0172473581429 0.997765499728
131 141 0.0562984429768 0.0211405934104 0.0667901845115 0.00954094788557 -0.0829845304779 -0.0107436993365 0.996447244434
141 151 0.0230941943652 0.00838511666396 0.0658845113725 0.0125800938963 -0.0764075620044 -0.00220902309496 0.996994857521
151 161 0.0295240006336 0.00467234689934 0.0923692329147 0.0105528503954 -0.0728501430295 -0.00949021600237 0.997241911378
161 171 0.0281943946007 0.00416094930907 0.0714622334207 0.00440534774105 -0.0673217425177 -0.00656976277429 0.997699961969
171 181 0.0129654334035 0.0147562751312 0.0385420934279 0.00630043469975 -0.0763082679629 0.0131221327107 0.996978015001
181 191 0.0292409746475 0.0103072719974 0.024373230137 0.0112944522824 -0.097431180687 -0.00910730351384 0.995136501893
191 201 0.0280478581148 0.0124386908661 0.00216080751746 0.0055282394844 -0.0737684843542 -0.00540118402082 0.99724544446
201 211 0.00524583539891 -0.001147382982 0.00375742950302 0.0145295359115 -0.0614412703656 0.0048506081155 0.997993153525
211 221 -0.0122547022554 -0.0119946068795 0.00945259912495 0.0174806035127 -0.0486510504641 0.00391936893635 0.99865516688
221 231 -0.0187139051836 -0.019850467936 0.0226610445865 0.0238440517344 -0.0375424380347 0.00512061936127 0.998997400297
231 241 -0.0178888829583 -0.0347760817847 0.0409727627316 0.0351880303822 -0.0201376561247 -0.00368111177282 0.999171019766
241 251 -0.0217551582109 -0.0377246266913 0.0513881807016 0.0360514511098 -0.0135480902058 0.00614712031238 0.999239188101
251 261 -0.0252768524863 -0.0344834682858 0.0531193136286 0.0361873089131 -0.0261239674309 -0.00277841950122 0.99899964834
261 271 -0.0258665393003 -0.0183706238679 0.0568554445883 0.0229239409332 -0.0321045567741 -0.00295318502399 0.999217228166
271 281 -0.0259181147764 -0.00513772038992 0.0576340677693 0.0141708536911 -0.031743669139 0.000437937075141 0.999395484574
281 291 -0.0132266472144 0.00831933560983 0.0694273225213 -0.00149992358855 -0.0481345845863 0.00955853904483 0.998793995941
291 301 0.0203766875016 0.0106808906542 0.0880638452107 -0.00868800941478 -0.0437988696523 0.00913840601562 0.998960793548
301 311 0.0403783356809 0.00687445114404 0.0882300890236 -0.0055874418912 -0.0475093502499 -0.00410012766457 0.99884675055
311 321 0.0425958849447 0.0257005383331 0.0666565088784 -0.00919353350815 -0.044576734924 0.00321882258669 0.998958474025
321 331 0.0215255743526 0.0221590575883 0.0705381881287 -0.0117312838415 -0.0232070046822 0.00345017272867 0.999655894906
331 341 0.00672868739288 0.00126273014418 0.0939863202038 -0.0131850485045 -0.00942638167758 -0.00244964948924 0.999865639495
341 351 -0.00736188837608 0.00309472844081 0.0991924015758 -0.00799543337109 -0.00423909180057 0.00232320939287 0.999956351969
351 361 -0.010613023642 0.0016145579812 0.0862445811199 -0.00343802573474 -0.0179962542865 0.00750830670072 0.999803950853
361 371 -0.0129596592309 -0.000962255300773 0.0829857089545 -0.00050262070155 -0.0428130010977 -0.00398249907275 0.999075039229
371 381 -0.00088137923872 -0.000279685217904 0.0870596594447 0.0117545800857 -0.0428948511361 0.00469212389763 0.998999422205
381 391 0.0252778197523 -0.0180446923456 0.087562184149 0.00842011345753 -0.0325514815297 0.00442805740145 0.999424782086
391 401 0.0315872215799 -0.0171142905621 0.0826890099371 0.0152355018362 -0.0175228466174 0.0010835862258 0.999729791079
401 411 0.0158676461922 -0.0172050942092 0.0723332660121 0.0204120179605 -0.0198236326343 -0.00163415912154 0.999593768806
411 421 0.0103626669306 -0.0147076242166 0.0818944649755 0.0156842948856 -0.0161369622985 0.00506075530305 0.99973395966
421 431 -0.00460237978729 -0.00702094113979 0.0979474681339 0.0103462394781 0.0102743818987 -0.00798202830636 0.999861830269
431 441 -0.0221842933282 -0.00448898362606 0.0970332367374 0.018836934635 0.0102361284099 -0.00489986749513 0.999758162191
441 451 -0.00514994345678 0.0135017869197 0.0870289691001 0.00729452162852 0.00650095116283 0.0024101900929 0.999949358004
451 461 0.0126999112678 0.00518376268041 0.0878130410959 0.016906586445 0.00338318636015 0.0011601424695 0.999850676578
461 471 0.0261381332751 -0.00728998868946 0.101083714628 0.0183567283801 0.00827928206973 -0.00597372496836 0.999779374973
471 481 0.0309654614874 -0.0155467809332 0.0957038931052 0.0205806408027 0.00367551241973 -0.00509771335582 0.999768443766
481 491 0.00639138712984 0.0047048815459 0.0682233636312 0.0124539932455 -0.0197967419522 0.00451900638624 0.999716242562
491 501 0.00162529886623 0.0315037203451 0.0665499239857 0.0131175958772 -0.034176977878 0.00823661481321 0.999295762544
501 511 -0.00555894131412 0.0123458152624 0.0859674964378 0.00590002360967 -0.0317921241874 0.0124717599718 0.999399272445
511 521 -0.0399746529158 0.0133289806151 0.0899469323761 0.00920383049559 -0.0115835242932 0.0154865474671 0.999770612849
521 531 -0.00962199103545 0.0248779093262 0.0653911544272 -0.0140012044167 -0.0291352434854 0.017598678305 0.999322465666
531 541 0.00313574673895 0.0331618704925 0.0389517658937 -0.0200950104918 -0.0317954781966 0.0123157949707 0.999216472699
541 551 0.025228629458 0.0451380717627 0.0237284175447 -0.0202597393489 -0.0533780019755 0.0117632590784 0.998299533007
551 561 0.0199723736716 0.0195813877261 0.021382201394 -0.015578952136 -0.0390546204555 0.0051465664688 0.999102369993
561 571 0.0169158535691 0.0163152532168 0.0154404174778 -0.0195940668508 -0.0327046146445 0.00563035695113 0.999257113963
571 581 0.0124445161514 0.029963701209 0.0232505758266 -0.0214031878837 -0.0433228920273 0.00919353980896 0.998789522072
581 591 0.00309794673619 0.0182592686144 0.0134986749326 -0.024522241726 -0.0396363186955 0.0033740313058 0.998907522153
591 601 0.0039046495484 0.0227831198063 0.00279444177 -0.0158288866754 -0.0324587713768 0.00586473051625 0.999330515617
601 611 -0.00130454866033 0.0179354213145 0.00381013408601 -0.0130573264622 -0.0352225315204 0.00323593055574 0.999288951331
611 621 -0.00299599385967 0.0126191052077 0.0172611148295 -0.0114275374615 -0.0449914713707 0.00541066928917 0.998907354838
621 631 -0.025015749105 0.00304333617283 0.0360833635164 -0.00367663341341 -0.0356834601775 -0.00369843929062 0.99934953574
631 641 -0.0471528703048 -0.000355254529572 0.0530179916749 0.00540086315865 -0.0361200360676 -0.003922836485 0.999325164811
641 651 -0.0546484446004 -0.00117203441088 0.0639999784805 -0.00119949431393 -0.0199661357644 -0.00301916167498 0.999795378714
651 661 -0.0669044805605 0.00173247948055 0.0712711018911 -0.00264770904858 -0.00261170046021 0.000666488966379 0.9999928622
661 671 -0.0398492073592 0.0255543160962 0.0652183436443 -0.0164919545283 0.00270409485699 -0.00879501486425 0.999821659608
671 681 -0.0137753042195 0.00518931148642 0.0888931894633 -0.0105121977015 -0.0147700397181 0.0048565991679 0.999823861023
681 691 0.0134426352613 -0.00182856848076 0.112626918321 -0.00899806672072 -0.00221355116763 0.00277079716353 0.999953227741
691 701 0.0246823482035 0.00675859532129 0.121980165545 -0.0110616052239 0.00900356658525 -0.000863927819525 0.999897909942
701 711 0.00274934690007 -0.00241515316608 0.0836957009257 -0.0142261688143 0.0121583891794 0.00555993556799 0.999809420245
711 721 -0.0442620598671 -0.0143494575861 0.0796111408314 -0.00514933264812 0.0357657031242 0.00112170963581 0.999346306653
721 731 -0.0929015438193 -0.0141319833247 0.0731465238008 -0.0053532578659 0.0429858660244 0.0131690737673 0.998974540941
731 741 -0.0856518168449 -0.00157149634523 0.0491253343542 -0.0090432549724 0.0497572688779 0.00749023565066 0.998692310025
741 751 -0.0675570454822 -0.0106769247543 0.031359367795 -0.00435138997753 0.0267670766267 -0.00471548703644 0.999621104817
751 761 -0.0591613322153 0.00248091890042 0.0283282790322 -0.0108337842386 0.046993191155 0.0151147614145 0.998722090019
761 771 -0.0584388930648 -0.00794247008927 0.0397299388275 -0.0125885513211 0.0447007417673 0.0269358734621 0.998557875529
771 781 -0.033904021851 -0.0183130845483 0.0329987400767 0.0125720707612 -0.0122918582009 -0.0140383602826 0.999746856809
781 791 -0.0202252188067 -0.0166735906443 0.0187164041217 0.0255847238486 -0.010909021599 -0.00622015074187 0.999593779932
791 801 -0.0222103765668 -0.0186552320814 0.00560932168371 0.0408165519701 -0.0238266600089 -0.0107516432785 0.99882466005
801 811 -0.0302069978576 -0.00307136950512 0.00164341589194 0.00917236015738 -0.0400921472464 -0.00668243068356 0.999131539217
811 821 -0.0330389078846 0.00368170678404 -0.00470459338827 -0.0198712439987 -0.0447904214843 -0.00249061636323 0.998795649087
821 831 -0.0156430429442 0.00909373505582 -0.0231121854912 -0.0276793312448 -0.0342404020291 -0.00631300003288 0.999010308016
831 841 -0.00219261432606 0.0143447689128 -0.0364861641209 -0.0143356082481 -0.0358378967966 -0.0151438026302 0.999140030592
841 851 0.00754015322456 0.00846389335786 -0.0383698826631 -0.00780727121176 -0.057555380311 -0.0121535769352 0.998237804975
851 861 -0.0187926726409 0.0231215811784 -0.0475210022498 -0.00755668740626 -0.0532786544607 -0.0139106309539 0.998454193141
861 871 -0.0412132048822 0.0148952444419 -0.0875680210257 0.010412970153 -0.0315043764957 -0.00389441503829 0.99944178312
871 881 -0.0418041663025 0.00443434695961 -0.112025392585 0.0193044876636 -0.018589791966 -0.00621379317255 0.999621500952
881 891 -0.0361657368524 0.00178698647558 -0.098699059228 0.00276917398082 -0.0465908056673 -0.00563297580764 0.998894337799
891 901 -0.0178918900807 0.00255463923322 -0.0772692934339 0.00900424944267 -0.0702335190697 -0.000510305842354 0.997489807406
901 911 0.000477098851801 0.00998413370775 -0.0776470819677 0.00229769748282 -0.0518593421153 -0.00891203404306 0.998611989148
911 921 -0.0086340463297 0.00953757095884 -0.0670976078428 0.00606681715256 -0.0340835201048 -0.00266712723962 0.999397015114
921 931 -0.011810350337 -0.00163425246527 -0.0340113252123 0.0167185007497 -0.0174203187625 -0.00138580391362 0.999707509112
931 941 -0.00404505338433 -0.00965130776716 -0.00857099021067 0.015726081663 0.00258912544906 -0.000945575100499 0.999872538213
941 951 0.00425162919806 -0.00953147989921 0.00292683579027 0.0155556410223 0.00608937535988 -0.00136697618967 0.999859526592
951 961 0.00590078131945 -0.0042308456861 0.00623443512842 0.00670854046517 0.00458353295141 0.00608894298503 0.999948454413
